37.8,66.4;81.7,34.8;0
53.6,25.1;41.7,23.6;1
28.6,29.4;28.2,48.4;3
28.2,48.4;37.8,66.4;4
65.2,44.6;76.7,56.6;4
16.8,21.3;53.6,25.1;6
65.3,65.5;80.0,18.3;7
37.8,66.4;65.2,44.6;8
53.6,25.1;50.6,5.0;11
28.2,48.4;52.5,39.8;12
5.0,84.2;37.8,66.4;13
65.2,44.6;52.5,39.8;13
5.0,16.7;53.6,25.1;16
65.3,65.5;46.6,87.3;16
37.8,66.4;65.2,44.6;17
20.0,84.1;65.3,65.5;17
95.0,23.0;53.6,25.1;18
28.2,5.0;53.6,25.1;21
65.2,44.6;52.5,39.8;24
73.6,73.6;28.2,48.4;26
41.7,23.6;53.6,25.1;26
53.6,25.1;50.4,61.6;28
72.7,5.0;65.2,44.6;28
65.3,65.5;64.9,95.0;29
65.2,44.6;72.7,5.0;37
42.6,42.2;53.6,25.1;37
82.6,83.2;37.8,66.4;37
5.0,5.0;53.6,25.1;39
37.8,66.4;39.0,95.0;40
20.0,84.1;65.3,65.5;40
28.2,48.4;37.8,66.4;47
65.2,44.6;80.0,18.3;51
53.6,25.1;42.6,42.2;52
61.5,75.3;65.2,44.6;56
33.1,83.2;28.2,48.4;57
65.3,30.6;65.2,44.6;57
95.0,71.0;37.8,66.4;58
65.2,44.6;15.2,41.1;61
50.4,61.6;53.6,25.1;61
46.6,87.3;65.3,65.5;63
95.0,53.0;37.8,66.4;63
28.2,48.4;41.7,23.6;69
5.0,16.7;37.8,66.4;70
65.3,65.5;37.8,66.4;72
95.0,95.0;65.3,65.5;72
5.0,95.0;28.2,48.4;74
28.2,5.0;65.2,44.6;75
50.4,61.6;53.6,25.1;77
16.8,21.3;28.2,48.4;78
37.8,66.4;65.3,65.5;78
15.2,56.3;37.8,66.4;79
65.3,65.5;95.0,23.0;81
61.5,75.3;65.3,65.5;81
41.7,23.6;37.8,66.4;82
65.2,44.6;65.3,65.5;82
95.0,5.0;53.6,25.1;85
28.6,29.4;53.6,25.1;86
83.0,5.0;53.6,25.1;87
37.8,66.4;65.2,44.6;87
76.7,56.6;65.3,65.5;89
33.1,83.2;65.2,44.6;89
28.2,48.4;65.2,44.6;96
95.0,53.0;37.8,66.4;110
53.6,25.1;65.3,65.5;110
15.2,56.3;65.3,65.5;112
72.7,5.0;53.6,25.1;112
5.0,95.0;28.2,48.4;112
65.2,44.6;95.0,5.0;118
65.3,65.5;28.2,48.4;123
37.8,66.4;20.0,84.1;126
5.0,16.7;53.6,25.1;130
65.3,30.6;65.3,65.5;133
65.3,65.5;61.5,75.3;134
15.2,41.1;65.3,65.5;135
41.7,23.6;65.2,44.6;136
39.0,5.0;28.2,48.4;139
50.6,5.0;53.6,25.1;143
95.0,23.0;65.2,44.6;144
50.4,61.6;65.3,65.5;144
80.0,18.3;53.6,25.1;146
53.6,25.1;95.0,41.0;148
20.0,84.1;65.3,65.5;149
65.2,44.6;28.6,29.4;149
37.8,66.4;5.0,32.7;151
28.2,48.4;25.3,65.7;153
53.6,25.1;37.8,66.4;158
65.2,44.6;53.6,25.1;160
95.0,53.0;53.6,25.1;161
69.3,16.9;65.3,65.5;163
37.8,66.4;16.8,21.3;168
16.8,21.3;53.6,25.1;169
46.6,87.3;28.2,48.4;173
83.0,5.0;53.6,25.1;173
95.0,53.0;53.6,25.1;173
65.3,65.5;28.2,48.4;177
65.2,44.6;95.0,41.0;177
28.6,29.4;28.2,48.4;179
41.7,23.6;53.6,25.1;180
82.6,83.2;65.3,65.5;182
69.3,16.9;65.3,65.5;182
38.8,52.0;65.2,44.6;188
65.2,44.6;41.7,23.6;191
82.6,83.2;65.2,44.6;193
28.2,48.4;16.6,5.0;193
80.0,18.3;65.2,44.6;197
65.2,44.6;65.3,65.5;199
81.7,34.8;65.3,65.5;200
53.6,25.1;5.0,49.4;204
95.0,41.0;65.2,44.6;204
52.5,39.8;37.8,66.4;206
25.3,65.7;53.6,25.1;207
33.1,83.2;65.2,44.6;209
37.8,66.4;42.6,42.2;211
5.0,5.0;53.6,25.1;219
52.5,39.8;53.6,25.1;219
53.6,25.1;65.2,44.6;220
95.0,83.0;37.8,66.4;221
64.9,95.0;28.2,48.4;227
5.0,16.7;37.8,66.4;228
65.3,65.5;53.6,25.1;229
5.0,5.0;28.2,48.4;230
28.2,48.4;39.0,95.0;236
81.7,34.8;65.3,65.5;238
95.0,53.0;65.3,65.5;239
46.6,87.3;37.8,66.4;240
52.5,39.8;37.8,66.4;243
28.2,48.4;33.1,83.2;247
81.7,34.8;53.6,25.1;248
53.6,25.1;37.8,66.4;248
15.2,56.3;65.3,65.5;249
65.2,44.6;64.9,95.0;252
38.8,52.0;37.8,66.4;252
73.6,73.6;37.8,66.4;253
65.3,65.5;37.8,66.4;254
28.2,48.4;50.6,5.0;255
37.8,66.4;53.6,25.1;257
95.0,95.0;65.2,44.6;258
52.5,39.8;28.2,48.4;259
61.5,75.3;28.2,48.4;261
28.2,48.4;39.0,5.0;269
65.2,44.6;37.8,66.4;270
25.3,65.7;65.2,44.6;270
65.3,65.5;65.3,30.6;271
5.0,65.4;37.8,66.4;275
95.0,41.0;53.6,25.1;278
65.2,44.6;95.0,5.0;278
76.7,56.6;53.6,25.1;280
65.3,65.5;28.6,29.4;285
39.0,5.0;28.2,48.4;285
65.2,44.6;76.7,56.6;287
53.6,25.1;65.3,65.5;293
83.0,5.0;65.2,44.6;295
65.2,44.6;73.6,73.6;297
15.2,56.3;28.2,48.4;298
37.8,66.4;5.0,84.2;300
81.5,66.2;53.6,25.1;300
28.2,48.4;16.6,5.0;304
5.0,16.7;28.2,48.4;306
5.0,84.2;28.2,48.4;306
53.6,25.1;5.0,5.0;313
95.0,95.0;65.2,44.6;315
65.3,65.5;25.3,65.7;316
73.6,73.6;65.3,65.5;317
76.7,56.6;65.3,65.5;319
64.9,95.0;37.8,66.4;320
46.6,87.3;37.8,66.4;320
28.2,48.4;5.0,16.7;322
65.2,44.6;72.7,5.0;326
37.8,66.4;5.0,84.2;327
5.0,16.7;37.8,66.4;328
95.0,53.0;65.2,44.6;330
25.3,65.7;37.8,66.4;336
53.6,25.1;65.2,44.6;338
28.2,48.4;20.0,84.1;338
65.2,44.6;69.3,16.9;338
81.7,34.8;65.3,65.5;340
37.8,66.4;28.2,48.4;341
33.1,83.2;28.2,48.4;343
95.0,41.0;65.3,65.5;344
80.0,18.3;65.2,44.6;348
65.2,44.6;37.8,66.4;348
76.7,56.6;28.2,48.4;349
76.7,56.6;53.6,25.1;357
53.6,25.1;69.3,16.9;359
28.2,48.4;81.7,34.8;359
65.3,30.6;37.8,66.4;360
73.6,73.6;28.2,48.4;361
15.2,41.1;37.8,66.4;364
65.3,65.5;56.1,50.3;364
37.8,66.4;53.6,25.1;368
53.6,25.1;65.3,30.6;369
95.0,53.0;37.8,66.4;370
65.2,44.6;95.0,41.0;370
16.8,21.3;53.6,25.1;371
65.3,65.5;37.8,66.4;373
64.9,95.0;28.2,48.4;374
28.2,48.4;61.5,75.3;378
76.7,56.6;65.3,65.5;378
65.3,30.6;53.6,25.1;379
5.0,32.7;28.2,48.4;380
5.0,16.7;28.2,48.4;384
5.0,65.4;37.8,66.4;385
95.0,41.0;65.2,44.6;386
53.6,25.1;65.3,65.5;389
76.7,56.6;53.6,25.1;391
72.7,5.0;65.2,44.6;394
65.2,44.6;95.0,41.0;396
95.0,53.0;65.3,65.5;403
95.0,41.0;53.6,25.1;405
65.3,30.6;28.2,48.4;406
95.0,41.0;65.3,65.5;407
65.2,44.6;28.2,48.4;408
42.6,42.2;37.8,66.4;408
28.6,29.4;53.6,25.1;410
61.5,75.3;28.2,48.4;413
37.8,66.4;5.0,84.2;414
65.3,65.5;53.6,25.1;415
38.8,52.0;37.8,66.4;419
5.0,32.7;28.2,48.4;419
28.6,29.4;53.6,25.1;420
61.5,5.0;28.2,48.4;426
53.6,25.1;37.8,66.4;427
56.1,50.3;65.2,44.6;427
52.5,39.8;53.6,25.1;427
73.6,73.6;28.2,48.4;428
25.3,65.7;65.3,65.5;428
72.7,5.0;65.2,44.6;428
76.7,56.6;53.6,25.1;431
65.2,44.6;83.0,5.0;433
82.6,83.2;65.2,44.6;440
37.8,66.4;65.2,44.6;440
56.1,50.3;65.2,44.6;444
81.5,66.2;28.2,48.4;444
61.5,75.3;53.6,25.1;445
73.6,73.6;28.2,48.4;446
33.1,83.2;65.3,65.5;449
95.0,83.0;65.3,65.5;451
64.9,95.0;37.8,66.4;451
69.3,16.9;53.6,25.1;452
61.5,5.0;65.2,44.6;452
61.5,75.3;28.2,48.4;454
65.3,65.5;41.7,23.6;455
15.2,41.1;65.2,44.6;460
50.4,61.6;53.6,25.1;460
37.8,66.4;53.6,25.1;461
28.2,48.4;37.8,66.4;465
50.6,5.0;28.2,48.4;466
15.2,56.3;53.6,25.1;466
69.3,16.9;37.8,66.4;467
95.0,23.0;53.6,25.1;467
15.2,41.1;37.8,66.4;468
61.5,75.3;37.8,66.4;469
33.1,83.2;65.2,44.6;469
73.6,73.6;28.2,48.4;471
37.8,66.4;65.3,65.5;473
95.0,41.0;65.2,44.6;476
95.0,41.0;65.3,65.5;477
5.0,5.0;28.2,48.4;477
65.3,65.5;52.5,39.8;478
95.0,53.0;65.3,65.5;479
73.6,73.6;65.2,44.6;480
81.4,95.0;65.3,65.5;480
37.8,66.4;28.2,48.4;485
53.6,25.1;56.1,50.3;486
65.3,30.6;65.3,65.5;490
50.4,61.6;65.2,44.6;490
28.2,48.4;53.6,25.1;493
65.2,44.6;38.8,52.0;494
72.7,5.0;65.2,44.6;494
46.6,87.3;65.3,65.5;497
41.7,23.6;65.2,44.6;498
37.8,66.4;5.0,16.7;499
52.5,39.8;28.2,48.4;499
